%YAML:1.0
---
cameraMatrix: !!opencv-matrix
   rows: 3
   cols: 3
   dt: d
   data: [ 9.7900860964491915e+02, 0., 9.5978575588808803e+02, 0.,
       9.8030220102438534e+02, 5.8344046200894263e+02, 0., 0., 1. ]
distortionCoefficients: !!opencv-matrix
   rows: 1
   cols: 5
   dt: d
   data: [ 4.4382869656392689e-02, -1.2995525140336397e-01,
       6.3492024207824080e-03, 1.4691468356799542e-03,
       5.1025304624245101e-02 ]
rotation: !!opencv-matrix
   rows: 3
   cols: 3
   dt: d
   data: [ 1., 0., 0., 0., 1., 0., 0., 0., 1. ]
projection: !!opencv-matrix
   rows: 4
   cols: 4
   dt: d
   data: [ 9.7900860964491915e+02, 0., 9.5978575588808803e+02, 0., 0.,
       9.8030220102438534e+02, 5.8344046200894263e+02, 0., 0., 0., 1.,
       0., 0., 0., 0., 1. ]
