%YAML:1.0
---
cameraMatrix: !!opencv-matrix
   rows: 3
   cols: 3
   dt: d
   data: [ 3.5434245450643544e+02, 0., 2.5195092958978526e+02, 0.,
       3.5654244185744511e+02, 2.2416901166213628e+02, 0., 0., 1. ]
distortionCoefficients: !!opencv-matrix
   rows: 1
   cols: 5
   dt: d
   data: [ 4.2404911917587988e-02, -1.5432234938305298e-01,
       1.1389366923446144e-02, -1.9491483875899089e-03,
       1.9178131064587260e-02 ]
rotation: !!opencv-matrix
   rows: 3
   cols: 3
   dt: d
   data: [ 1., 0., 0., 0., 1., 0., 0., 0., 1. ]
projection: !!opencv-matrix
   rows: 4
   cols: 4
   dt: d
   data: [ 3.5434245450643544e+02, 0., 2.5195092958978526e+02, 0., 0.,
       3.5654244185744511e+02, 2.2416901166213628e+02, 0., 0., 0., 1.,
       0., 0., 0., 0., 1. ]
