%YAML:1.0
---
rotation: !!opencv-matrix
   rows: 3
   cols: 3
   dt: d
   data: [ 9.9933704985009353e-01, -8.6448622731670945e-03,
       -3.5365621063252778e-02, 8.4660090764361647e-03,
       9.9995062188021133e-01, -5.2038919758600468e-03,
       3.5408861704795264e-02, 4.9010363859792296e-03,
       9.9936089194800592e-01 ]
translation: !!opencv-matrix
   rows: 3
   cols: 1
   dt: d
   data: [ -3.5900517272875465e-02, 1.6421918727757202e-02,
       -6.2249762427214611e-02 ]
essential: !!opencv-matrix
   rows: 3
   cols: 3
   dt: d
   data: [ 1.1084885028733360e-03, 6.2327173072201002e-02,
       1.6087482308074923e-02, -6.0937297486635983e-02,
       7.1409036415048051e-04, 3.8079074472494000e-02,
       -1.6714965919355802e-02, -3.5756779347170482e-02,
       7.6759376862293701e-04 ]
fundamental: !!opencv-matrix
   rows: 3
   cols: 3
   dt: d
   data: [ 3.0817185408523273e-07, 1.7220714324757529e-05,
       -2.3531998509161043e-03, -1.6918875763188483e-05,
       1.9703956455779428e-07, 7.9648160503389947e-03,
       5.0259812818046106e-03, -2.6315209520537394e-02, 1. ]
