%YAML:1.0
---
depthShift: -5.0448627943950335e+01
